TTCC
ACGG
GCTT
GTTT
ACAA
AGGA
GATT
ACAA
CATA
ACGT
ATGT
CAAA
GGCG
AGTA
TTAT
CCGT
AGTC
AAAG
AGCG
AACC
AATG
GCCA
ACTC
GACA
AGGA
GTAT
AGGG
ACGA
CCCC
AGCC
